$PRAVE,0039,0001,5320.7296,8346.6216,90307,1,4,156,24,16.8,0,-64,0,0,,*5D                                                                        
$PRAVE,0039,0001,5320.7450,8346.6210,90407,1,6,187,24,16.4,0,-65,0,0,,*53                                                                         
$PRAVE,0039,0001,5320.7408,8346.6230,90507,1,4,186,24,16.7,0,-64,0,0,,*5C                                                                         
$PRAVE,0039,0001,,,,0,3,,24,16.5,0,-68,0,0,,*51                                               
$PRAVE,0039,0001,5320.7875,8346.5627,90707,1,5,273,24,16.3,0,-69,0,0,,*58                                                                         
$PRAVE,0039,0001,5320.8378,8346.5289,91107,1,4,392,25,16.5,0,-67,0,0,,*50                                                                         
$PRAVE,0039,0001,5320.8279,8346.5549,91207,1,5,365,25,16.3,                                                         
$PRAVE,0039,0001,,,,0,4,,24,16.7,0,-64,0,0,,*58                                               
$PRAVE,0039,0001,,,,0,4,,25,16.6,0,-65,0,0,,*59                                               
$PRAVE,0039,0001,,,,0,4,,25,16.5,0,-64,0,0,,*5B                                               
$PRAVE,0039,0001,5320.7514,8346.6140,91609,1,4,196,24,16.4,0,-62,0,0,,*5C                                                                         
$PRAVE,0039,0001,5320.7589,8346.6273,91907,1,4,213,25,16.5,0,-64,0,0,,*52                                                                         
$PRAVE,0039,0001,5320.7655,8346.5989,92107,1,6,228,25,16.4,0,-66,0,0,,*5F                                                                         
$PRAVE,0039,0001,5320.7586,8346.6062,92207,1,3,201,25,16.2,0,-64,0,0,,*54                                                                         
$PRAVE,0032,0001,5321.3877,8346.0914,92305,1,9,190,27,14.1,0,-67,34,-326,,*4                                                                          
$PRAVE,0039,0001,5320.7526,8346.6160,92307,1,4,174,25,16.1,0,-65,0,0,,*58                                                                         
$PRAVE,0032,0001,5321.6371,8345.8186,92405,1,9,192,27,14.1,0,-64,9,-322,,*74                                                                            
$PRAVE,0039,0001,5320.7659,8346.5730,92607,1,4,251,24,16.5,0,-64,0,0,,*56       
$PRAVE,0039,0001,5320.7621,8346.5902,92807,1,3,214,24,16.2,0,-64,0,0,,*59
$PRAVE,0039,0001,5320.7642,8346.5950,92907,1,4,210,24,16.5,0,-66,0,0,,*5C
$PRAVE,0039,0001,5320.7644,8346.5707,93007,1,4,205,24,16.5,0,-67,1,-108,,*7E
$PRAVE,0039,0001,,,,0,2,,24,16.4,0,-70,0,0,,*58
$PRAVE,0039,0001,,,,0,2,,24,16.0,0,-68,0,0,,*55
$PRAVE,0039,0001,5320.7475,8346.6186,93407,1,5,130,25,16.4,0,-64,0,0,,*54
$PRAVE,0039,0001,5320.7465,8346.6250,93507,1,4,127,24,16.5,0,-64,0,0,,*5B
$PRAVE,0039,0001,5320.7511,8346.6225,93607,1,3,127,24,16.3,0,-66,0,0,,*5B
$PRAVE,0039,0001,5320.7504,8346.6148,93707,1,3,127,24,16.4,0,-69,0,0,,*5E
$PRAVE,0039,0001,5320.7491,8346.6202,93807,1,3,127,24,15.9,0,-68,0,0,,*5E
$PRAVE,0039,0001,5320.7559,8346.6132,94007,1,3,109,24,16.1,0,-64,0,0,,*5F
$PRAVE,0039,0001,5320.7539,8346.6133,94107,1,3,109,24,16.5,0,-66,0,0,,*5F
$PRAVE,0039,0001,5320.7551,8346.6164,94207,1,4,93,24,16.1,0,-67,0,0,,*60
$PRAVE,0039,0001,5320.7526,8346.6141,94307,1,3,93,24,16.1,0,-64,0,0,,*62
$PRAVE,0039,0001,5320.7596,8346.6100,94407,1,3,93,24,16.1,0,-69,0,0,,*66
